aaaaaaaaaaaaaaaaaaaaaaaaaaaaaa01111111111111010000011111111110000000000011111111111100100000111111111110000000000111111111110001001001111111110000001100001111111111000010010011111111011100001000011111111100001100100111111110000000000000111111110000011001001111111
10000000000001111111100000001001001111110110010000000011111110000000100010011111011100000000000111111100000000100100111111110011000000001111111000000001000001111111100100000000011111110010000000000111111111001000000000111111100100000000001111111100011100000001111
11100100000001001111111111100001000001111111001100000000001111111000000010000011111110010000100000111111111001100000000111111111100000000001111111111000001000001111111100000000010011111111110000000000011111110000000100000011111110100000000000111111100000000000000
11111111000000000000111111100000000000000111111110000000000001111111000000000000001111111110000111000011111110000000011000011111011000000000000111111110000000010101111110110000110000001111111100000000001111111100000011000000011111111100000000011011111000000101000
00011111111100000000011011111000000000000000111111111000000000110111110000001100000001111111110000000011101111000000000000000011111111100000000011011110000000010000000111111111100000001111111100000000110000001111111110000000011111111100000000000000011111111100000
00111110111100010000000000011111111100000001111111111000000000000000111111111100000011111111110000000001001101111111111000000111111111000000000000000011111111111000001111111110000000100000000011111111110000011111111100000001000000001111111111100000111110111001000
01000000001111111111000000101110111001000111110010001111111110000001011001110011001000000000011111111100000011111101100000011100000000111111110110000111110111000000011001100001111111001000001111111100010000100000000011111110000000011111111101100000000000000111111
00000000011111111011101001000000000111111000000000111111110111000000000000001111111000000001111111111110000000000000011111110000000011111111011100000000110000111111000000000111101110110000000000000001111100000000001111111111101100000000011011111111000000011111111
11111001100000000011111111000000011111111111100010000000000111111111000000111011111111100000000000001111111111000001111111111110000000000000011111111111110011111101011010000000000000111111111111110111111010110000000000000001111111111111111111111101000000000000000
01111111111111111111111100011001101000000011111111111111111111111010010000110000000111111111111111111111010111000001000000001111111111111111111110101100001100000101011111111111111111111111111110110100000000111111111111111111111011111110001110000011111111111111111
11111011111100000000000011111111111111111111111111111000000000010111111111111111111111011011110000000000001111111111111111111111010101100000000000011111111111111111111110111111000000000000111111111111111111111101110110000000000001111111111111111111111111001100001
11000001111111111111111111111111011000011110000011111111111111111111111110011000110000000111111111111111111111111100100011011101001111111111111111111111101001000110000000011111111111111111111111010110011101000000111111111111111111111111001101110010010001111111111
11111111111111111000111010000000001111111111111111111111110011111000000100011111111111111111111101100000100000000000011111111111111011111001010010001000001000001111101010111101110000000110111111010000111111001101111111100000000111111100100001111110111011011111000
00011111100110100001111101111011011111100001000111101101000011110111100110111111000011111111111110000111011111001101111110000111111111110010001101111111011010111100100110111111100100010111111101110101111010001110011000000000001111111101100111110000110011100111000
00101111111101110111110000110111111101010011011011111111100111100001101100011100100110110111111111001111000111000111011101001111101111111010011110000001111011110000011011001111111111111100011111110111100000110110111101111101110000011001111011000001110001111111101
01110000001111101011100000110111111111001011100000011111111011000001111111110111111010000010110001001110000010111111111111110000000010000110000000001001111111111111100000000100001010001000011011111111111111000000000100100011110000110111111110011110000010011000110
00110000111011111111010100000010011010010000000001111111111111100010000111100001100000000001110101111111011000001111000101011110000011111011111110010000011110011101111100000111010111111110100000111101001111111000001110011111110101000010011001110110000000011101011
11111000000011111011011111110000011110011111100000000110110010011111100000111110111111000000100100100111111111000001111100111100000101001010001111111110000011111001111000000010010111011111111100000111100011110000001000011111111011001000001111110111100000000011111
11111111111000001111100111100010000010111110110011101000011111111111000100000111111101111111100000111110111110001010001101111011110111000001111111111101000100011011100000110111000011110111111010011000110011011111000010000011101111110000001001111110001111011100000
11010011110000010001111111001100111100000111101111100000000111011110111110001000001011111111000000000100111110000000010000101111110110000000010001011011010000100000011110000100000000100011111100010011000001010000111000000000000111111111100110000110100011110000000
01000111111110010010000101100001110000100010011111111000011100000110110011100000000000100111111111001000000001100111000001000000011001100000010000001011101110000010000001110111100000100000011011111100010000000001111110001001000000111011111000000000000111111111010
01000000111111011000100101001011111100001110000001111110010010001010011111111111001100000011111100000000000001111011110100101000001111111000000000001110011001011000010000011111111000000000010110111100111111100001111111111000000010100011111011110011000011111110111
00000010100111100111110101000111111111111000000000000010010110001010001111111111110001001000000011100010000000011111111111100000010000001111111111110000111111111111000000000000011110001110100001111111111110000010010000111001111111000011111111111100000010101001001
10111111011111111111111100000010000001001100011111111111111111111000000100010010011000010011111111111111110000000001100101100011111111111111111111100000000010010010000101011111111111111111100000000110011100111111101111111111111110000000001101110010001011001111101
11111110000000101101110011111110000000001111111100000001010011000101111110000000011111111000000001100100011011011100000000111111110000000000011100010111111111000001111111100000000000110000011001101110000001111111000000001001111101111111111110000011111110010000011
01011010101111110111100010101101000101100000001010100001100110001101111010100001101000001111110101001100011000110100000011000000001010000110011000111011101001000100000100010110101101110001100110010000001111011001001111101111100100001100100000001100010111111111100
01100110001110101010000101000101010000100011000010011010110100000101011111100111010111001100111011010000000001000111110000101101111001110111000000000011010001101000010000101001110101000001000110101111101011111001011011111010000010010100011110100001110110111001100
10000010000011010100010101011110011111110010000000111110101110001100111101111010100000010000110001101001011001100011111101110000100000111010010100110111111111111101100001000001101111010000100111011111011100110110001010000011010001001100011111110011111101101111001
10011001101000011111110111111000100111101011100011000001111111101111111000000110000111100110110011111100010111111100101110111100001101000111111100000111111000011001100000011000000011111100100111011101100111010000111000101011111010111110111011010010000001110000010
11111011011110111001000111110001110001010011101010110101110110000010000011100001000001000001111111100101010011100111000101000000110111111001011101101110001110001010001010110111110100101001111110011100001100001101110101001101101000100100111000001100010011110010011
01100001110000111000111100000001101010010101000111000001110000011000000111101101011111110100010011100000010000001111111100110111000011000111000011100000110111111111011010110001101110000100000101101010010111000100101100011100001000000001011100110101100011101100111
00000100000011100100110101000000001010111000010000000101101001100010111100111101111000001000000011010001111100010101001011110000100000010111000011111100110011010111100111100000101001010101001010000111101111001110000001010010010010111101111001011101001100100010001
10101010110101011011001111100011110100000111010111110101011110011100011110000000001101101111110111111100110001111000001000111100011110101000111001100101111001010011111001100011011111010011110100110000100011100010011110010001100111110001100001000011000001110101111
11100111101000100001001011010011101110100001001111000000001000111100100011100111101010011110001100010000110001001110011101010100111100010011110101010100101111101110001001111001110101000111100001111110000011010011110011001100111110010111110000101101100111011110001
11111110101100110110100011100111011111001111101100101101011001011001001101111110011111010101100111110100011110011011111110101111101011010000111111010100101111111011111111100110001001010111011001011111100111101011111100001000001100100110001111001111011111111000101
11000010101110001111001111011100101000101011101101111100011100011110111101111000001111110011111001111000110101110101010001110100001010000111100011101111101001010000001100100000001111000111011111010101000101011110110000011100011110101110100110011010001100100000110
00001110111110100100111100000101000000100000011100111101001100111001101000100000000000111011111110001010000100010101100000100001100101111010100100011011000111111111000011001001110101001100010100010111111110000110110111110101010001101101100000111100001101101111100
01111000101000101110011100001000100111100101100000101100011100011100000001001110010011111011011111111100111000000010111001110101100110111001110010110100010001010001000110011101000110101001000000110001011000011100101001111101010010011101111011110101010101010101011
01010110101011011001110111011000010100001000101100110100010101100001011000100001110001010111101000110001100101101110110101001010110111011101011011001110010100101100001100110110101100010110111000011001110001010101001101100110011101000110101110111010110001111001001
01111101101000110100010001010011001101111000111100100001101100011100101100101001111111111000011110110100111100110001101100001011110101111111001111000010100101110101101111011011110010110010001101011110100111101111010011101110101101000000101110101111111011100010010
01110100100010111111101011100011100010101110111010010011011110110011101111010001011111110111100111010011110000110100001111001100101010111010000001100001011100101010111010010100111011111110000010011000010100110100101001110011110000011100010010110101110001011110101
00111000001100010011100001100001010110111000111010101001111110011011011010110010011000110101110010110010101101110101100100100111101110100101101001110110101011001001010011000100100001011111010110010010011100111000010000111101100001101110100100111101111011010001100
11001110101010100100110101101001000110100010100010011001001001101011101000110000100010000000001010010011111011000000100011100000101010010100100101110111011001100001110001100011101001001101101111100000100101000011011000010110011111000101010010010100001110001010101
10011001000100100010010011110110001111101100010100000001001111100101101110101101011000101000110110110000001110011001011010010001001011111011100010111010010110111100100010111101011111000000001001100101011001100101110110111001101011010000000001110011011100100110110
01101011011111110001110011001100000110100100111110110111101001100110011100011101001010001110001011101110001000111001011111001100011011010001000101011110101111101000110111110111101000011010110101111001110101100011101000110011110101100011101111011001011101101101010
01110101001011110101011100110111111000011101101010001001100110000101000101011100000001010011000011011001000000100010000011010110100110011010110010000010111100001111000101001100011001011011101110011100101110011010011000011110111111100010110110000101110100110010101
10011011000111010011011010010100110100010111101000011011111111001001101001101001100110100111101110101011011111010010010011100001011100110111000011110110100111111010100011110101110110000110011101010011110010000110100100110111110001111010110011101101001000111010101
00011110001010000011100000100101010111110110011110110100000110100000000000011011010010001001010001100100100011110000010100111011110111000011001001000110001101000101011001111100010110111010001101011010000100000111010111101001000100111110111110000000000100001000100
00101000110011100100011110100110000000100000010101100111110111010101100001100001000101011011111101111110010011011000000110010011110110111101101011001100110000001101001110101001101111011000111001010110001110001100011010001111010010110101011110000010011001111000100
10011110011111011011111110111001111100111001000001101001010000001100110010110001010100100011000000111110011001100101100110001010101010011101111010010011011110001100101000000010110110010110110011111100001101000100101011011000110100100111000010001010010100100000010
00111110100101110011000011010101110101001001000110111000011110011010011111000100010000001101011010110101111000011101011000100111001001100110100011010010011111101100110111010101000000001010000100101111100001011110011011000001101110100010010111101101011100010110101
11011111001101010011110111100010100011011110110100110000011001011111011101111001010110001010010110100010100000001010110110000011011101011101011111001000111010110011000011001001110011110010000100010010101011100100111110110010100011011100101101111101011010001000111
01101011110011000000010011011000111111110101110111010110011010011001110011101100010111110100100100011011110001001001011010000010101001001101110011001000110111100010010100011111001111101001001101101101100110001110110110000010010001111010111101011001101101110111011
01111001010011111001011101011101100110000011100111111010111101011010011011001101111001100100000100101111011010011110000000101101110000111000001000011001011000011010110100001010011101100100101100110001110001000101000110011100011010110011100010101111100111111100101
00011011101001100010101010001111110111110001011010111010001101001010110000010100110011001101011000011011011111100111100101010111100011111000110100011010100111000110000110100100101001101010100000100001101111001110110111010011010011110000100111010111001110110001000
11010011100011010000100001000101110110000110101111000100010010110001011010010110000101010010110101011111100001110011100100001010010100110010110000101111010100001100010110001011000111000001101101001010010000101100110001010100110101110101010111100011011101010110101
11001100101001010100010011001101100111011110101000100111011011100111010010010110111010110101100100001111001110001101110001000000111111111010011110010101111110100001100111001101001101111100101010100010100101111011100011010100101101001110100000101110111001111100010
11101111011000110010010101001100001001100001011110100111010000111010001000101000001100111100011111001111010100100010000011001011110000011111010010011001110110101110110101100101100110111111001000010011100000101011011000101100111001011011110001100110100010101111011
11111000011010010100011100110010101001100110001000100011010101010101000001010100100111001100001110010110111011000010101001000101100110010000110111101000000101000101101110011100101110011011110000001011100101111010110110101011001101000000010010101011100110010110000
01010101001000010100000000111000010110101100010100010000011000000101100111110000110000011110100001111000010111001001001011110100110010001000110000001001001001100011101101001010111100100101010011011111001000011110100101010110101100100101101000101011111100001100100
10100000101111100011010010010111000011000110000101011000000100110011101101100111110101101011110001101011101101010100110000011110001110001000111000000101010011011101110111001110000011111100110111011111111111011000011110111011101001010100101011101001110100011010110
11001011101101100101100011100110110110100111101100001011001101101000101001111100011111001000100000101100110101010011111100111010001101100110110111100000100011101010001100000010101010001111010101001011011000111110001111101110001010101010000010101111011110111110110
01011101001010101011101110010100010111001011000100101011010101100110100101111110101110110010010111111101101111110101110000010110110111111001111101110110101110000110011110010000000011100001111111001010100011001110100110110011010010110010111011010111111010011110110
10101011111111111100101010101000011101101101000100011111111100001101001010101001010001011101101101111000001011010110110011000101101100000110011011101000100110010011101111101001111001101111000001101100000100111101000001111000000101111010111100000000101000010101001
01110000101111000010111011100101101011111010110101011001111100000000011111100001010010111001010101001111111010011011111011010100111000111010001110111101111000100011111110010100001110111011011000000111011000111111000111111011000011101010110001111111100001111010011
11000010011011010011000100101100111110110110100110010101100010111110101011001101011001000111011100100111001010111010010001101100011111110000101111001110110101110111101001011011111111011111110000000010001100101110101001000010010001111111100100101000110010100000110
10100001101101101100100101000111011001100010000101111111010010101110111001001011101111111001011110100100110100101111111001111111111010111001000001101100111101100011101111101010100110101010100100010010100001111110001010111101010010100110110111110110010000111001011
01000101101010100001010100010010010000001010101100110111011001010010111001000111010101001101111010010011000100111111011101101010000011000011100101100010010000011011010100110110110001110100110000001100101000000000011000111110001111110110111011000000000010100110100
01010001000001110101111010000111001010011110001100011011000001000100001101101111011011001100000101001100011100010001010011010011011011100100111001011001101011011010100011111010011110100110110111111101010000101110010100100101001100101100010111100011101100011000110
00111100111110000000100100001111000011010001101001111111100010010011111011111010100010101001000111101010100010111010100000000111011011101111011001111011000101001101001100110010100011110100110110010110000101101101100111001100011101000000001011000001110001101100111
11111101001000011101100010010101100001001111110010001011110010001001011001111011111100010110111001101000101110011011110100010000010101010001110101100110110111101100101110000100001101110011110101010111110101111001110111100111101100011010101101101100110100010111111
11110010000100101100010011110110010000110100001110000001010011111000011100010100100100101000110010110100110000010001101001010100011100100101111000111010101100110100010011000011001001000000100101111111011010010011011110011010111000110110100100101101110100101101010
11111001001000000101101000100111100001100110011111001000110101110011111000111100110110001010000011101111010011001010100011010110010101000110001001101001111111110101110001001100111111001010010101100100000011110001111111011011001101011011101011100011100100101101110
11010001100110000101100101111111100101100110110100101010010001110001000011000010010011000111100111001011001101111111010011100011001001010111111010101110111010010000111111001101100010011010001111111001001001001000110100001001010111010111100000101101101100000011100
00100111110011101000101001110010000101010100111110011111101011111101110001000010100100100000111100101000001110000000101001110111101110000011011100010001100011100011001111011011111100001000111111001101010111110010100100001110011100110000100110111010100001011110110
11001010111101101111000010000101000000110001101110000011110100000101111111010110011111000111110000011010000001000100100100100111111010101001100110110000100111111100101011100011100011110011111110010110100100111110010001010010110000010100000011101110111011011011110
10101010110101011111101010001001101000110011101011010011010111001001110001101000111111100101000111101110101011111101001000010011001111110011100001001111100110011100000010010100101110101000110101111011110010000001100000011000000111000111101001000001001001100101110
10010110100100111101000010100010101010111101101110100011001111100111010001101101110101110011001110100000111011110110001000111011111001001100110110010100100110110100110101001101100100100100010101000110100110100100001001101001010010000000010100100110110011010100010
00011111010010010110100011001011101011000110001100010110010111000011110010111001110110010111010101100010110100010010011100101110001000100101100101001011101100000100101000100111000011110010001101011001101001011010111111101011001110001011111001110001110100001011110
01011011011101011001111110110010100110001011101110000011100001001111111100000111010111010010010010111011100001100110001010111111100100011111010110100100111000000010111101001111010110111100110010110111001001111011011010100110101111010001110110110111110100101000111
11000101011100100010110001110101100000000011101101111100000000101110111011110101100101110010100100000011111101110101111111111001101110100100110011100011111001110000110000000010111110100010100110111111101111100100011000010011011000010001001101010101111101111000101
11011111010011101111111110001101001101111001101110101000011000000000001101000011111000101111010010100000000111110011011100111010100111110100101100000100010011000000111011000011010000010010000110110100011111110001101000100111010001010010010101110110011010110010000
01110100011101101010101000110000101100111110011010111110000001000010111001000101001001000000111000111010110101010101011000000001111110011101000110011011111010101111000101101110010101101100011011101110001111010101010011000010101000011110100010011000111101011011011
00010011101110000000111000011111111101011100000010000001110000111010101001111000001110111000000011100100101101100110101100001101111111111111001110111100001011111010001010110011111110101000001001000101101011010011010110111100001101010010100110000000000100010101011
01011000010010110101010010001101010101011000111100101100010010000000011110101010100011001111110101101000011111011110110001101111000011011011110001101001110111011100010000110001110011010010100000011110101001000110010000101001100011010010000011010000111010101001011
11100011001101100111010001111010100100101010101110100001110100001011000100000010101000111100001101010101111000110101100001010101100100000100101100010100001100111101101101100011001101101101011001000100111000110011011101010010100101100110110111111000011010010101100
11110101101001100110001100010010010011000111101000001111101001011101110000010111101010011001011110010101001010111100110111010001111001101100111010011011001111010010101000110011110000100000101110101001010111100001000100100011100101000000101010101100101100001011101
01000000011011110011011010001101010011111110111110011001101100100000010011011011111011010010110110001111000010101110000000011010011000010100100011101100001110110000011110001011001000000110000111101111100010110011011100100100110100011100011100010111000011010111110
01110000111110111110111010110100011010000111100100101001011011001010100110100011001010011000001001001011011101110101000000000110110011000001110011000100000101110011111111101110011010110000101010111010111110010110001101001010101101011101010001011101010111011001011
11101111100011001001100100010000001000001011011011110100110011011000001001110010011110000110110011101010000111100010110001001000111001110100101010100010011110001000110011000001000110100001110001110100001111001001010100000110001000111000010100011111010101101110100
01101100010000000001111111010001100010101111010010111111010011101111001100000111001010001111001100010101001000011000111110100000010111101100101100110000111001101010101101110011101111110011000100011010100111110101101100000110101001001000111000101000000001011111010
11010111001010001111001010100001011111100101001111001101100000111111010011001001111001010000110000001000001111101000111100001001111011001101101001101011111111011000110111010000100111010100010100011110111100000101000000010110010101111101111111111110000111010110111
01001000001101000111011101100010101010110111100011000001111011100111110010101010000000111100111101000100111001100101001011001001011110101110111101010011001111011110010110000111110000001110110011111000101010101110100100001011111010010011010111001101111000110000111
00000011101000111001110010010100010000000000101001000011101101110000110000010001010000111000111011101110111110011011011000000001101101111010001010011011010001110000110101111011111110000100010101000111001001100000101001110110101101011111101000010111011011110110000
01101110111001111000000000100110011000100011011111110001101111011000101011011011000111010111000001111001001100010111111000010101101110110110011111011110011001100100011000110110110100101101001110111001010111011001111110111000100010010011011100100111100010010000100
11010010111001100101100100001011111110101110001100110100000001000000000110011100110100000100100010111011101110110010100000010111111101000100010010101100001110011100101100101010100111100110110011011001010100110100110011001110010101011101000010110011101011010000111
00001011101111100111001101110101111110111101101100111110000010000010010001011001011100110111101010111010101100011100110101011000011111100001111011011000101111100000111101111001111011000111001001111001110011110111111110010011110111110001111010011100111011110001011
00001101110101001101111001001010111111011001001101011111001110110011011111111111111100001100000000010001010000011001001110001010100010100001011001110111001100000011110111110010000110110100011000110111100001010111100101011011010000100111110001011001110001101111000
10100111000001000010000110011110110010100111001101011100010010100010000100101111111110101101111001110010101111000101110011111000100000001010100000000101001110001010110110011100110100110101010011101110011111110011101100111100010001111011100001101101101001100010100
01111001001110001110110101111011010101110011110101110011100011110110010000101010110100101100100101010001001101111010111010001101111110001111101111100011000011100111001101101101000000010001000100010011000100000111100111011000100110100bbbbbbbbbbbbbbbbbbbbbbbbbbbbbb
