aaaaaaaaaa111101000001111111111000000000001111111111110010000011111111111000000000011111111111000100100111111111000000110000111111111100001001001111111101110000100001111111110000110010011111111000000000000011111111000001100100111111110000000000001111111100000001
0010011111101100100000000111111100000001000100111110111000000000001111111000000001001001111111100110000000011111110000000010000011111111001000000000111111100100000000001111111110010000000001111111001000000000011111111000111000000011111110010000000100111111111110
0001000001111111001100000000001111111000000010000011111110010000100000111111111001100000000111111111100000000001111111111000001000001111111100000000010011111111110000000000011111110000000100000011111110100000000000111111100000000000000111111110000000000001111111
0000000000000011111111000000000000111111100000000000000111111111000011100001111111000000001100001111101100000000000011111111000000001010111111011000011000000111111110000000000111111110000001100000001111111110000000001101111100000010100000011111111100000000011011
1110000000000000001111111110000000001101111100000011000000011111111100000000111011110000000000000000111111111000000000110111100000000100000001111111111000000011111111000000001100000011111111100000000111111111000000000000000111111111000000011111011110001000000000
0011111111100000001111111111000000000000000111111111100000011111111110000000001001101111111111000000111111111000000000000000011111111111000001111111110000000100000000011111111110000011111111100000001000000001111111111100000111110111001000010000000011111111110000
0010111011100100011111001000111111111000000101100111001100100000000001111111110000001111110110000001110000000011111111011000011111011100000001100110000111111100100000111111110001000010000000001111111000000001111111110110000000000000011111100000000011111111011101
0010000000001111110000000001111111101110000000000000011111110000000011111111111100000000000000111111100000000111111110111000000001100001111110000000001111011101100000000000000011111000000000011111111111011000000000110111111110000000111111111111100110000000001111
1111000000011111111111100010000000000111111111000000111011111111100000000000001111111111000001111111111110000000000000011111111111110011111101011010000000000000111111111111110111111010110000000000000001111111111111111111111101000000000000000011111111111111111111
1110001100110100000001111111111111111111111101001000011000000011111111111111111111101011100000100000000111111111111111111111010110000110000010101111111111111111111111111111011010000000011111111111111111111101111111000111000001111111111111111111111011111100000000
0000111111111111111111111111111110000000000101111111111111111111110110111100000000000011111111111111111111110101011000000000000111111111111111111111101111110000000000001111111111111111111111011101100000000000011111111111111111111111110011000011100000111111111111
1111111111111011000011110000011111111111111111111111110011000110000000111111111111111111111111100100011011101001111111111111111111111101001000110000000011111111111111111111111010110011101000000111111111111111111111111001101110010010001111111111111111111111111110
0011101000000000111111111111111111111111001111100000010001111111111111111111110110000010000000000001111111111111101111100101001000100000100000111110101011110111000000011011111101000011111100110111111110000000011111110010000111111011101101111100000011111100110100
0011111011110110111111000010001111011010000111101111001101111110000111111111111100001110111110011011111100001111111111100100011011111110110101111001001101111111001000101111111011101011110100011100110000000000011111111011001111100001100111001110000010111111110111
0111110000110111111101010011011011111111100111100001101100011100100110110111111111001111000111000111011101001111101111111010011110000001111011110000011011001111111111111100011111110111100000110110111101111101110000011001111011000001110001111111101011100000011111
0101110000011011111111100101110000001111111101100000111111111011111101000001011000100111000001011111111111111000000001000011000000000100111111111111110000000010000101000100001101111111111111100000000010010001111000011011111111001111000001001100011000110000111011
1111110101000000100110100100000000011111111111111000100001111000011000000000011101011111110110000011110001010111100000111110111111100100000111100111011111000001110101111111101000001111010011111110000011100111111101010000100110011101100000000111010111111100000001
1111011011111110000011110011111100000000110110010011111100000111110111111000000100100100111111111000001111100111100000101001010001111111110000011111001111000000010010111011111111100000111100011110000001000011111111011001000001111110111100000000011111111111111110
0000111110011110001000001011111011001110100001111111111100010000011111110111111110000011111011111000101000110111101111011100000111111111110100010001101110000011011100001111011111101001100011001101111100001000001110111111000000100111111000111101110000011010011110
0000100011111110011001111000001111011111000000001110111101111100010000010111111110000000001001111100000000100001011111101100000000100010110110100001000000111100001000000001000111111000100110000010100001110000000000001111111111001100001101000111100000000100011111
1110010010000101100001110000100010011111111000011100000110110011100000000000100111111111001000000001100111000001000000011001100000010000001011101110000010000001110111100000100000011011111100010000000001111110001001000000111011111000000000000111111111010010000001
1111101100010010100101111110000111000000111111001001000101001111111111100110000001111110000000000000111101111010010100000111111100000000000111001100101100001000001111111100000000001011011110011111110000111111111100000001010001111101111001100001111111011100000010
1001111001111101010001111111111110000000000000100101100010100011111111111100010010000000111000100000000111111111111000000100000011111111111100001111111111110000000000000111100011101000011111111111100000100100001110011111110000111111111111000000101010010011011111
1011111111111111100000010000001001100011111111111111111111000000100010010011000010011111111111111110000000001100101100011111111111111111111100000000010010010000101011111111111111111100000000110011100111111101111111111111110000000001101110010001011001111101111111
1000000010110111001111111000000000111111110000000101001100010111111000000001111111100000000110010001101101110000000011111111000000000001110001011111111100000111111110000000000011000001100110111000000111111100000000100111110111111111111000001111111001000001101011
0101011111101111000101011010001011000000010101000011001100011011110101000011010000011111101010011000110001101000000110000000010100001100110001110111010010001000001000101101011011100011001100100000011110110010011111011111001000011001000000011000101111111111000110
0110001110101010000101000101010000100011000010011010110100000101011111100111010111001100111011010000000001000111110000101101111001110111000000000011010001101000010000101001110101000001000110101111101011111001011011111010000010010100011110100001110110111001100100
0001000001101010001010101111001111111001000000011111010111000110011110111101010000001000011000110100101100110001111110111000010000011101001010011011111111111110110000100000110111101000010011101111101110011011000101000001101000100110001111111001111110110111100110
0110011010000111111101111110001001111010111000110000011111111011111110000001100001111001101100111111000101111111001011101111000011010001111111000001111110000110011000000110000000111111001001110111011001110100001110001010111110101111101110110100100000011100000101
1111011011110111001000111110001110001010011101010110101110110000010000011100001000001000001111111100101010011100111000101000000110111111001011101101110001110001010001010110111110100101001111110011100001100001101110101001101101000100100111000001100010011110010011
0110000111000011100011110000000110101001010100011100000111000001100000011110110101111111010001001110000001000000111111110011011100001100011100001110000011011111111101101011000110111000010000010110101001011100010010110001110000100000000101110011010110001110110011
1000001000000111001001101010000000010101110000100000001011010011000101111001111011110000010000000110100011111000101010010111100001000000101110000111111001100110101111001111000001010010101010010100001111011110011100000010100100100101111011110010111010011001000100
0110101010110101011011001111100011110100000111010111110101011110011100011110000000001101101111110111111100110001111000001000111100011110101000111001100101111001010011111001100011011111010011110100110000100011100010011110010001100111110001100001000011000001110101
1111110011110100010000100101101001110111010000100111100000000100011110010001110011110101001111000110001000011000100111001110101010011110001001111010101010010111110111000100111100111010100011110000111111000001101001111001100110011111001011111000010110110011101111
0001111111101011001101101000111001110111110011111011001011010110010110010011011111100111110101011001111101000111100110111111101011111010110100001111110101001011111110111111111001100010010101110110010111111001111010111111000010000011001001100011110011110111111110
0010111000010101110001111001111011100101000101011101101111100011100011110111101111000001111110011111001111000110101110101010001110100001010000111100011101111101001010000001100100000001111000111011111010101000101011110110000011100011110101110100110011010001100100
0001100000111011111010010011110000010100000010000001110011110100110011100110100010000000000011101111111000101000010001010110000010000110010111101010010001101100011111111100001100100111010100110001010001011111111000011011011111010101000110110110000011110000110110
1111100011110001010001011100111000010001001111001011000001011000111000111000000010011100100111110110111111111001110000000101110011101011001101110011100101101000100010100010001100111010001101010010000001100010110000111001010011111010100100111011110111101010101010
1010101101010110101011011001110111011000010100001000101100110100010101100001011000100001110001010111101000110001100101101110110101001010110111011101011011001110010100101100001100110110101100010110111000011001110001010101001101100110011101000110101110111010110001
1110010010111110110100011010001000101001100110111100011110010000110110001110010110010100111111111100001111011010011110011000110110000101111010111111100111100001010010111010110111101101111001011001000110101111010011110111101001110111010110100000010111010111111101
1100010010011101001000101111111010111000111000101011101110100100110111101100111011110100010111111101111001110100111100001101000011110011001010101110100000011000010111001010101110100101001110111111100000100110000101001101001010011100111100000111000100101101011100
0101111010100111000001100010011100001100001010110111000111010101001111110011011011010110010011000110101110010110010101101110101100100100111101110100101101001110110101011001001010011000100100001011111010110010010011100111000010000111101100001101110100100111101111
0110100011001100111010101010010011010110100100011010001010001001100100100110101110100011000010001000000000101001001111101100000010001110000010101001010010010111011101100110000111000110001110100100110110111110000010010100001101100001011001111100010101001001010000
1110001010101100110010001001000100100111101100011111011000101000000010011111001011011101011010110001010001101101100000011100110010110100100010010111110111000101110100101101111001000101111010111110000000010011001010110011001011101101110011010110100000000011100110
1110010011011001101011011111110001110011001100000110100100111110110111101001100110011100011101001010001110001011101110001000111001011111001100011011010001000101011110101111101000110111110111101000011010110101111001110101100011101000110011110101100011101111011001
0111011011010100111010100101111010101110011011111100001110110101000100110011000010100010101110000000101001100001101100100000010001000001101011010011001101011001000001011110000111100010100110001100101101110111001110010111001101001100001111011111110001011011000010
1110100110010101100110110001110100110110100101001101000101111010000110111111110010011010011010011001101001111011101010110111110100100100111000010111001101110000111101101001111110101000111101011101100001100111010100111100100001101001001101111100011110101100111011
0100100011101010100011110001010000011100000100101010111110110011110110100000110100000000000011011010010001001010001100100100011110000010100111011110111000011001001000110001101000101011001111100010110111010001101011010000100000111010111101001000100111110111110000
0000001000010001000010100011001110010001111010011000000010000001010110011111011101010110000110000100010101101111110111111001001101100000011001001111011011110110101100110011000000110100111010100110111101100011100101011000111000110001101000111101001011010101111000
0010011001111000100100111100111110110111111101110011111001110010000011010010100000011001100101100010101001000110000001111100110011001011001100010101010100111011110100100110111100011001010000000101101100101101100111111000011010001001010110110001101001001110000100
0101001010010000001000111110100101110011000011010101110101001001000110111000011110011010011111000100010000001101011010110101111000011101011000100111001001100110100011010010011111101100110111010101000000001010000100101111100001011110011011000001101110100010010111
1011010111000101101011101111100110101001111011110001010001101111011010011000001100101111101110111100101011000101001011010001010000000101011011000001101110101110101111100100011101011001100001100100111001111001000010001001010101110010011111011001010001101110010110
1111101011010001000111011010111100110000000100110110001111111101011101110101100110100110011100111011000101111101001001000110111100010010010110100000101010010011011100110010001101111000100101000111110011111010010011011011011001100011101101100000100100011110101111
0101100110110111011101101111001010011111001011101011101100110000011100111111010111101011010011011001101111001100100000100101111011010011110000000101101110000111000001000011001011000011010110100001010011101100100101100110001110001000101000110011100011010110011100
0101011111001111111001010001101110100110001010101000111111011111000101101011101000110100101011000001010011001100110101100001101101111110011110010101011110001111100011010001101010011100011000011010010010100110101010000010000110111100111011011101001101001111000010
0111010111001110110001000110100111000110100001000010001011101100001101011110001000100101100010110100101100001010100101101010111111000011100111001000010100101001100101100001011110101000011000101100010110001110000011011010010100100001011001100010101001101011101010
1011110001101110101011010111001100101001010100010011001101100111011110101000100111011011100111010010010110111010110101100100001111001110001101110001000000111111111010011110010101111110100001100111001101001101111100101010100010100101111011100011010100101101001110
1000001011101110011111000101110111101100011001001010100110000100110000101111010011101000011101000100010100000110011110001111100111101010010001000001100101111000001111101001001100111011010111011010110010110011011111100100001001110000010101101100010110011100101101
1110001100110100010101111011111110000110100101000111001100101010011001100010001000110101010101010000010101001001110011000011100101101110110000101010010001011001100100001101111010000001010001011011100111001011100110111100000010111001011110101101101010110011010000
0001001010101110011001011000001010101001000010100000000111000010110101100010100010000011000000101100111110000110000011110100001111000010111001001001011110100110010001000110000001001001001100011101101001010111100100101010011011111001000011110100101010110101100100
1011010001010111111000011001001010000010111110001101001001011100001100011000010101100000010011001110110110011111010110101111000110101110110101010011000001111000111000100011100000010101001101110111011100111000001111110011011101111111111101100001111011101110100101
0100101011101001110100011010110110010111011011001011000111001101101101001111011000010110011011010001010011111000111110010001000001011001101010100111111001110100011011001101101111000001000111010100011000000101010100011110101010010110110001111100011111011100010101
0101000001010111101111011111011001011101001010101011101110010100010111001011000100101011010101100110100101111110101110110010010111111101101111110101110000010110110111111001111101110110101110000110011110010000000011100001111111001010100011001110100110110011010010
1100101110110101111110100111101101010101111111111110010101010100001110110110100010001111111110000110100101010100101000101110110110111100000101101011011001100010110110000011001101110100010011001001110111110100111100110111100000110110000010011110100000111100000010
1111010111100000000101000010101001011100001011110000101110111001011010111110101101010110011111000000000111111000010100101110010101010011111110100110111110110101001110001110100011101111011110001000111111100101000011101110110110000001110110001111110001111110110000
1110101011000111111110000111101001111000010011011010011000100101100111110110110100110010101100010111110101011001101011001000111011100100111001010111010010001101100011111110000101111001110110101110111101001011011111111011111110000000010001100101110101001000010010
0011111111001001010001100101000001101010000110110110110010010100011101100110001000010111111101001010111011100100101110111111100101111010010011010010111111100111111111101011100100000110110011110110001110111110101010011010101010010001001010000111111000101011110101
0010100110110111110110010000111001011010001011010101000010101000100100100000010101011001101110110010100101110010001110101010011011110100100110001001111110111011010100000110000111001011000100100000110110101001101101100011101001100000011001010000000000110001111100
0111111011011101100000000001010011010001010001000001110101111010000111001010011110001100011011000001000100001101101111011011001100000101001100011100010001010011010011011011100100111001011001101011011010100011111010011110100110110111111101010000101110010100100101
0011001011000101111000111011000110001100011110011111000000010010000111100001101000110100111111110001001001111101111101010001010100100011110101010001011101010000000011101101110111101100111101100010100110100110011001010001111010011011001011000010110110110011100110
0011101000000001011000001110001101100111111111010010000111011000100101011000010011111100100010111100100010010110011110111111000101101110011010001011100110111101000100000101010100011101011001101101111011001011100001000011011100111101010101111101011110011101111001
1110110001101010110110110011010001011111111110010000100101100010011110110010000110100001110000001010011111000011100010100100100101000110010110100110000010001101001010100011100100101111000111010101100110100010011000011001001000000100101111111011010010011011110011
0101110001101101001001011011101001011010101111100100100000010110100010011110000110011001111100100011010111001111100011110011011000101000001110111101001100101010001101011001010100011000100110100111111111010111000100110011111100101001010110010000001111000111111101
1011001101011011101011100011100100101101110110100011001100001011001011111111001011001101101001010100100011100010000110000100100110001111001110010110011011111110100111000110010010101111110101011101110100100001111110011011000100110100011111110010010010010001101000
0100101011101011110000010110110110000001110000100111110011101000101001110010000101010100111110011111101011111101110001000010100100100000111100101000001110000000101001110111101110000011011100010001100011100011001111011011111100001000111111001101010111110010100100
0011100111001100001001101110101000010111101101100101011110110111100001000010100000011000110111000001111010000010111111101011001111100011111000001101000000100010010010010011111101010100110011011000010011111110010101110001110001111001111111001011010010011111001000
1010010110000010100000011101110111011011011110101010101101010111111010100010011010001100111010110100110101110010011100011010001111111001010001111011101010111111010010000100110011111100111000010011111001100111000000100101001011101010001101011110111100100000011000
0001100000011100011110100100000100100110010111010010110100100111101000010100010101010111101101110100011001111100111010001101101110101110011001110100000111011110110001000111011111001001100110110010100100110110100110101001101100100100100010101000110100110100100001
0011010010100100000000101001001101100110101000100001111101001001011010001100101110101100011000110001011001011100001111001011100111011001011101010110001011010001001001110010111000100010010110010100101110110000010010100010011100001111001000110101100110100101101011
1111101011001110001011111001110001110100001011110010110110111010110011111101100101001100010111011100000111000010011111111000001110101110100100100101110111000011001100010101111111001000111110101101001001110000000101111010011110101101111001100101101110010011110110
1101010011010111101000111011011011111010010100011111000101011100100010110001110101100000000011101101111100000000101110111011110101100101110010100100000011111101110101111111111001101110100100110011100011111001110000110000000010111110100010100110111111101111100100
0110000100110110000100010011010101011111011110001011101111101001110111111111000110100110111100110111010100001100000000000110100001111100010111101001010000000011111001101110011101010011111010010110000010001001100000011101100001101000001001000011011010001111111000
1101000100111010001010010010101110110011010110010000011101000111011010101010001100001011001111100110101111100000010000101110010001010010010000001110001110101101010101010110000000011111100111010001100110111110101011110001011011100101011011000110111011100011110101
0101001100001010100001111010001001100011110101101101100010011101110000000111000011111111101011100000010000001110000111010101001111000001110111000000011100100101101100110101100001101111111111111001110111100001011111010001010110011111110101000001001000101101011010
0110101101111000011010100101001100000000001000101010110101100001001011010101001000110101010101100011110010110001001000000001111010101010001100111111010110100001111101111011000110111100001101101111000110100111011101110001000011000111001101001010000001111010100100
0110010000101001100011010010000011010000111010101001011111000110011011001110100011110101001001010101011101000011101000010110001000000101010001111000011010101011110001101011000010101011001000001001011000101000011001111011011011000110011011011010110010001001110001
1001101110101001010010110011011011111100001101001010110011110101101001100110001100010010010011000111101000001111101001011101110000010111101010011001011110010101001010111100110111010001111001101100111010011011001111010010101000110011110000100000101110101001010111
1000010001001000111001010000001010101011001011000010111010100000001101111001101101000110101001111111011111001100110110010000001001101101111101101001011011000111100001010111000000001101001100001010010001110110000111011000001111000101100100000011000011110111110001
0110011011100100100110100011100011100010111000011010111110011100001111101111101110101101000110100001111001001010010110110010101001101000110010100110000010010010110111011101010000000001101100110000011100110001000001011100111111111011100110101100001010101110101111
1001011000110100101010110101110101000101110101011101100101111101111100011001001100100010000001000001011011011110100110011011000001001110010011110000110110011101010000111100010110001001000111001110100101010100010011110001000110011000001000110100001110001110100001
1110010010101000001100010001110000101000111110101011011101000110110001000000000111111101000110001010111101001011111101001110111100110000011100101000111100110001010100100001100011111010000001011110110010110011000011100110101010110111001110111111001100010001101010
0111110101101100000110101001001000111000101000000001011111010110101110010100011110010101000010111111001010011110011011000001111110100110010011110010100001100000010000011111010001111000010011110110011011010011010111111110110001101110100001001110101000101000111101
1110000010100000001011001010111110111111111111000011101011011101001000001101000111011101100010101010110111100011000001111011100111110010101010000000111100111101000100111001100101001011001001011110101110111101010011001111011110010110000111110000001110110011111000
1010101011101001000010111110100100110101110011011110001100001110000001110100011100111001001010001000000000010100100001110110111000011000001000101000011100011101110111011111001101101100000000110110111101000101001101101000111000011010111101111111000010001010100011
1001001100000101001110110101101011111101000010111011011110110000011011101110011110000000001001100110001000110111111100011011110110001010110110110001110101110000011110010011000101111110000101011011101101100111110111100110011001000110001101101101001011010011101110
0101011101100111111011100010001001001101110010011110001001000010011010010111001100101100100001011111110101110001100110100000001000000000110011100110100000100100010111011101110110010100000010111111101000100010010101100001110011100101100101010100111100110110011011
0010101001101001100110011100101010111010000101100111010110100001110000101110111110011100110111010111111011110110110011111000001000001001000101100101110011011110101011101010110001110011010101100001111110000111101101100010111110000011110111100111101100011100100111
1001110011110111111110010011110111110001111010011100111011110001011000011011101010011011110010010101111110110010011010111110011101100110111111111111111000011000000000100010100000110010011100010101000101000010110011101110011000000111101111100100001101101000110001
1011110000101011110010101101101000010011111000101100111000110111100010100111000001000010000110011110110010100111001101011100010010100010000100101111111110101101111001110010101111000101110011111000100000001010100000000101001110001010110110011100110100110101010011
101110011111110011101100111100010001111011100001101101101001100010100011110010011100011101101011110110101011100111101011100111000111101100100001010101101001011001001010100010011011110101110100011011111100011111011111000110000111001110011011011010000000bbbbbbbbbb
